22 serialization::archive 17 0 0 4 0 0 0 7 default 2 1 1
0 0 0 144 144 144 0 0 3.568339050e-01 4.287794232e-01 4.411764741e-01 1.500000000e+00 2.000000000e+00 3.000000000e+01 8.000000000e+00 4.000000000e+00 2.000000000e+00 12 1.000000000e+00 9.830000401e-01 1 9.000000358e-02 1.000000000e+00 0 0 2.598800087e+01 7.500000000e-01 1.000000000e+00 1.537000060e+00 1.800000000e+01 5.000000000e+01 0.000000000e+00 2.000000000e+00 0 0 3 0 0 2 0 8 1 0
1 0.000000000e+00 0 0 1.296246201e-01 1.578038931e-01 1.863353848e-01 1.000000000e+00 8
2 1.000000000e+00 6.078083515e-01 6.857793331e-01 7.142857313e-01 1.000000000e+00 9 explosion 2
3 144 144 144 2.696078420e-01 2.035274804e-01 2.035274804e-01 1.500000000e+00 3.000000000e+00 8.000000000e+01 8.000000000e+00 1.000000000e+00 4.382000446e+00 18 1.000000000e+00 9.280000329e-01 1 1.060000062e-01 3.000000000e+00 2.500000000e+01 7.500000000e-01 1.000000000e+00 4.000000060e-01 7.000000000e+00 0.000000000e+00 7.500000000e+02 2.000000000e+02 3 2 0 8
4 0.000000000e+00 2.013683170e-01 2.115384340e-01 2.110813707e-01 1.000000000e+00 8
5 1.000000000e+00 1.000000000e+00 9.999899864e-01 9.999988675e-01 1.000000000e+00 13 purple clouds 2
6 144 144 144 1.023951918e-01 1.014273167e-01 1.029411554e-01 1.500000000e+00 2.000000000e+00 8.000000000e+01 8.000000000e+00 2.000000000e+00 1.000000000e+00 18 1.000000000e+00 9.860000610e-01 1 8.100000024e-02 3.000000000e+00 2.500000000e+01 7.500000000e-01 1.000000000e+00 4.000000060e-01 7.000000000e+00 1.500000095e+01 4.000000000e+02 2.500000000e-01 3 2 0 8
7 0.000000000e+00 9.999899930e-07 9.999999975e-07 9.999994290e-07 1.000000000e+00 8
8 1.000000000e+00 1.000000000e+00 9.999899864e-01 9.999987483e-01 1.000000000e+00 9 red smoke 2
9 144 144 144 2.352941036e-01 1.718569696e-01 2.129045427e-01 1.500000000e+00 2.000000000e+00 5.089100266e+01 1.049700069e+01 1.500000000e+00 1.000000000e+00 12 1.000000000e+00 9.520000219e-01 1 7.800000161e-02 1.591000080e+00 2.598800087e+01 7.500000000e-01 1.000000000e+00 1.537000060e+00 7.550000000e+01 5.000000000e+01 0.000000000e+00 3.168000221e+00 3 2 0 8
10 0.000000000e+00 1.000000000e+00 0.000000000e+00 0.000000000e+00 1.000000000e+00 8
11 1.000000000e+00 9.006410241e-01 9.006406069e-01 9.006320238e-01 1.000000000e+00
